2298
16376
5487
14977
21065
20542
10655
5799
7841
6208
22374
20549
7112
16031
20707
9214
12287
3042
10603
4858
4190
4700
20080
13743
9670
19602
11447
20427
2110
14621
17380
18504
22977
1670
9589
6705
537
16815
18201
10948
7837
9569
14276
8049
12546
20566
17905
2347
6287
16495
17527
2631
11017
16099
8073
11947
19179
21741
5885
18760
7127
21382
4031
22241
20541
14925
13223
12474
983
15055
17403
2332
12613
1352
1873
11490
13826
5189
2796
6296
4691
5697
5147
15698
15168
1467
2147
20493
3567
6273
21526
22500
6865
6804
14365
17897
14534
17308
3116
21171
20298
7919
9631
5988
10706
20933
21439
22633
6392
6928
21658
5159
13938
22975
21781
2944
6161
13306
20469
10262
6603
2278
5500
350
18415
20210
15396
2847
8066
14181
4305
21918
8620
18892
9196
15585
13044
14410
3736
1056
13575
2545
20241
18928
16759
2159
3804
15274
11102
1456
15147
452
15484
16506
19445
17358
19648
6888
6033
1264
2744
19902
22275
21730
14760
9828
18867
17839
16594
17134
16699
6869
9079
162
9359
4312
17313
17390
8942
10314
6199
16777
13162
16092
2660
19976
15861
19355
22743
2199
5566
16492
5859
13115
22192
12933
16686
3633
21352
19207
17573
7261
19788
10034
1769
13560
17730
10175
15444
18781
15653
4023
8805
18317
17127
17184
7939
11895
19282
2124
11416
7982
8004
19074
21045
19273
4497
21805
16214
16534
22365
19773
3060
14677
17139
5012
3807
20162
4387
18391
16375
2138
22505
21146
207
10337
13314
2033
11141
1010
5190
2335
120
5651
17608
11594
13134
4515
18165
19558
14899
4030
20158
433
22865
16317
14102
1828
5194
1025
4925
8494
18403
10204
13923
14002
22068
14853
7367
1015
16243
4020
16256
4489
17294
9127
17421
16194
17003
19753
18249
6936
21286
14493
16589
18492
9586
15547
22202
4024
4464
5384
22191
18587
15890
21374
3126
22293
9501
8065
17769
13818
11576
2943
8295
12672
5739
9222
15228
1315
22120
14145
18522
5083
15787
10363
5254
12579
22028
18508
15247
8307
22760
10044
5627
3626
6490
7767
7386
5094
8591
12270
2810
8231
9721
14061
20743
3169
13431
3996
13011
18984
21384
9523
17349
14435
22953
8931
21676
22621
2750
18767
4185
17240
9103
14465
19705
2834
14623
21570
11005
16292
16839
12731
10018
14556
6926
21019
22645
8697
9340
1256
17482
12877
10596
17399
17994
21705
110
14248
4927
19451
1386
12513
7505
9729
14956
4948
12963
9582
19022
2293
6367
9938
2661
16941
19110
7913
4354
11627
21197
18420
13132
1239
8829
1151
15874
1734
8687
10577
10400
14054
5575
22670
17058
11640
203
17578
22976
1844
22042
7359
7832
10463
17135
9912
18496
14717
15048
14845
10208
2252
14889
2082
15647
18061
12869
18065
4876
4119
19809
12599
22853
21225
4507
4182
3187
8681
7390
17592
3494
20018
22885
6139
5427
12696
20234
17360
6875
12811
7684
3780
369
6411
22291
21845
19482
16841
22810
17276
1965
10616
21012
1608
18105
3339
6271
205
12472
1874
16079
4479
17692
20825
13042
3481
16880
480
1585
20509
2094
19297
5472
4002
16022
292
5551
3296
20991
17932
3397
12133
15634
7170
16681
5208
1663
14771
575
10313
17140
2290
2658
17838
502
3929
21101
21015
14747
18937
22834
6118
15369
21589
19029
501
2021
15684
15083
19876
19487
8966
11939
7752
20624
7297
19564
18499
20651
21820
8354
17656
13296
22847
16545
3136
443
11219
1311
9971
96
22058
14135
15513
13766
12965
1402
14645
21571
8712
17981
6379
21068
3454
12496
7488
17474
15949
15641
22518
16479
5769
2746
6636
15596
19137
7322
14026
7968
12056
16027
20400
22391
2114
20071
1955
14548
12913
531
15672
18043
14577
9550
17771
6510
7133
2096
18266
10084
12340
1033
2286
3195
16029
9247
15826
12314
20990
9847
20882
19335
10196
5370
6836
14444
6754
3163
19472
5694
17902
9029
3249
10011
13035
5164
14776
2572
2982
5719
2010
5987
14649
4445
75
13373
15125
6508
16819
17101
15606
19527
8345
6745
22386
21170
5877
5517
18849
5894
5173
3950
19407
13527
9437
22399
6140
7923
12861
21665
7130
20630
22238
15081
13696
9465
11280
9640
1865
14678
12687
7341
1406
12591
4899
22379
21914
16774
10076
8908
8008
3243
17600
7860
15401
22614
8773
15362
2192
10399
7455
11462
7645
5520
10934
12736
20451
6449
12108
11106
5156
22581
3176
5546
3809
17492
17900
9282
5454
18237
20472
19561
11443
8988
11712
4616
16862
16614
4090
4583
7724
19252
21877
12005
17882
21414
3778
22465
2292
5507
7703
7994
4463
1259
1629
5944
22596
1124
6302
21739
1774
19295
14472
15393
18955
13530
20673
11958
11319
44
6343
6266
4654
6957
7375
18155
7279
9172
7720
16146
18869
21416
20123
16916
14543
12711
16351
6250
583
974
19812
13320
15261
14991
9206
14807
4406
2205
11146
5703
6782
15329
2995
18455
4731
20773
4226
19646
5225
17513
4545
9342
10188
19030
10845
9970
5690
16785
16224
6762
13237
12475
1107
2160
16838
15204
11738
143
12428
14748
7441
19925
11307
18227
6627
865
9081
16597
17792
10293
14657
9822
10071
12540
8800
9649
5965
4307
18638
8589
15126
20998
20697
1570
14124
17728
11557
14857
13030
4997
408
4695
5288
17381
17956
3399
13393
15619
16446
1777
70
3250
1349
19164
238
4346
2998
22101
21643
20919
13908
11502
10111
10215
3251
13158
8181
9897
4142
17531
16490
15443
20949
6001
6918
19502
19088
21603
11838
2793
6061
772
14052
19092
1942
16757
15452
15666
5750
1341
14778
10488
12504
230
8308
21155
2139
17761
2777
16026
6276
19162
21311
9319
20860
18816
9421
4655
6075
6830
17989
20045
20952
18754
6556
9453
877
8255
3994
6975
13713
8948
19643
12625
1312
6993
8626
3692
21763
13412
21735
21878
15173
19534
3568
10173
18530
14386
9505
4169
1904
16045
14523
1839
19973
15660
12336
14813
146
4181
14201
14362
7512
2679
15103
7431
16584
16060
22335
22770
12251
5806
22474
672
5426
2540
22697
16482
3895
19035
3944
17118
17524
21693
14909
774
7691
20030
14861
10878
19423
7361
8324
17412
21502
5338
9595
11150
20308
2805
9688
9802
12009
14761
10039
9973
13059
17211
12077
17273
21799
11149
20733
12727
19402
21207
10135
6542
2584
9548
10408
14289
7734
16318
17251
927
11316
17414
22372
19353
9336
10129
5780
11074
17382
20104
20068
15545
2075
12076
17528
16288
13677
19427
5139
3246
19900
4586
16010
2731
22849
22846
7298
57
9820
11327
1335
19256
12746
6368
7113
20089
6366
21704
8671
1347
8069
21852
10038
10205
3631
3304
10768
14387
2226
14609
21941
12645
3218
22558
3383
14290
14191
3272
368
12556
8941
19085
12390
20266
885
21834
9491
15747
9356
20559
13928
19813
11111
22010
21706
8655
12744
22649
9470
18324
9073
2072
14630
9394
2542
20408
8299
13391
20008
5995
19412
20482
7321
19983
4753
11419
22236
9853
1546
16820
2048
20328
9183
7392
14384
15955
10184
16000
12912
16133
6974
14320
17407
21932
22173
14663
12981
20462
14215
17493
9429
11243
19702
9900
8752
17432
15961
5369
11332
9030
11615
4671
13699
9882
13433
2354
18050
15122
21844
22753
13737
5287
4723
18706
638
1682
9074
366
5460
16148
20839
6972
5718
22560
4465
12173
8698
4253
1637
17626
11887
17541
9627
21421
17940
10445
22520
16178
10973
5672
20378
16965
15407
21478
1228
9707
10756
444
3597
14968
6592
5998
3237
22304
11728
20135
17678
403
6210
17785
3757
17891
2328
5109
9503
16073
14922
7754
21756
21450
8594
16247
1492
7677
2607
1078
21043
1587
2246
7665
21617
1780
17494
12902
17145
7591
3831
732
656
10833
21431
22800
14604
11962
1030
1812
1350
21194
18545
6362
13000
8097
10502
7562
323
15937
15620
20078
21448
16883
22481
612
16197
2827
19008
20401
18464
11003
13716
14046
20269
4809
10938
6879
10546
3699
18592
22574
18103
17964
7759
13336
6690
13822
14669
12288
17506
4456
2441
6859
1669
5491
16678
13583
20092
19864
2821
6733
10745
13526
16213
21442
12047
19766
21545
13428
578
12250
15496
4964
22221
10543
22733
3620
22873
1512
4576
5831
5997
22856
10199
2735
5353
6840
2948
16516
4049
20723
4579
9314
20009
2458
8017
16856
11353
5475
12148
4645
11450
2812
17561
6370
12945
2440
3256
22516
20237
8501
22178
5730
1762
22555
21548
17852
1119
5609
1192
22858
9772
16468
16455
5277
12304
8875
14165
13017
21842
14261
5512
5234
18734
17111
11162
21929
10437
13096
16932
6566
21994
6856
20888
15253
20512
14171
1045
22440
16812
14945
18260
7959
21471
22428
1051
3268
5023
2997
17962
11860
12800
2213
11222
16725
18572
19490
9592
19707
2574
1083
18215
12140
19966
3763
20189
2981
3901
5787
12656
8640
16509
10004
5293
5442
16006
9006
4394
13192
16083
16223
3978
9928
747
4938
3135
18444
22816
20631
3575
16086
9162
11543
14668
19315
13278
8165
22620
10359
1219
1562
19685
4554
19510
5960
2279
19342
4179
22970
10065
15944
13503
1741
14878
13136
21787
523
17298
3793
10375
16844
10847
4041
22780
2510
2078
1089
18009
19204
11547
1610
19513
16630
33
14066
21912
18569
11933
9952
15928
15541
6692
8704
1308
22277
13542
3309
6934
317
16055
16152
9407
11085
294
19686
10533
21997
4752
14976
7033
10073
6962
18871
1970
19394
13138
0
2478
10942
18544
4133
14503
8044
3333
13404
3452
18581
6990
15210
7509
4109
12831
20202
16842
4222
714
18279
4042
11891
963
16284
8003
7281
13558
14613
13727
15098
4782
20317
1210
21127
8555
10959
21004
2889
21217
9087
22700
7521
8508
5314
12964
19731
18144
1487
15003
4650
9825
11603
19330
13129
9702
3059
17591
12406
22266
6211
2717
4817
13038
9135
6147
216
18601
18501
2713
18924
5443
21993
9760
13807
15706
4875
5149
14457
1444
14512
14347
8934
1620
15468
5561
5947
2307
22672
21066
22817
18250
2156
12705
17256
14773
15455
6833
10733
594
1664
10020
17606
12343
9413
16056
5334
14144
8048
3711
18660
15127
5758
19821
19380
2609
19491
5163
14234
1568
3041
22600
7996
3327
770
10691
8818
19847
19676
9449
8846
16598
19062
1431
8463
18465
6789
9936
20289
10771
15150
18518
22014
19325
19882
10517
12562
20243
1450
19837
8959
15665
9762
10854
14167
13283
9653
6436
11578
9128
20351
22358
10123
1998
18053
15243
16370
9300
16229
10191
9656
4223
14921
18458
4644
566
10536
13955
4535
2816
20516
17515
2983
10187
10130
19783
602
3654
22239
8558
4348
11071
14896
14249
17354
7899
18456
2426
20467
14341
2617
21405
921
595
4498
17754
7674
17102
3414
11948
14179
19086
22298
13800
975
18578
12837
3456
12683
10858
10990
5535
12302
8862
18334
11984
20443
296
21406
13857
22164
10485
20844
13240
2068
17010
9164
1957
13464
17394
18738
11131
14050
22074
9308
21920
21087
6215
18719
16567
10035
371
20473
9706
8229
10748
18212
15965
5905
19278
7508
13452
1768
18821
3234
1323
10707
19897
22142
3082
3174
20411
18835
4239
8380
2330
10497
2698
13006
18683
11850
14900
7200
22964
10193
14648
14518
12622
12762
5626
20179
12010
16659
9010
22355
13154
21125
10848
5597
2502
20731
6986
18253
18966
13245
10586
6931
16167
17590
6213
22784
10224
15288
1652
12772
22948
22561
7766
15700
13191
9684
13263
5241
22705
9309
14150
14030
19009
20184
18274
12202
15763
3930
16938
3955
5772
7577
5549
5860
18483
1136
7225
4624
553
3486
18791
141
16451
22182
1199
6387
4112
10649
19453
3687
8999
6876
15506
11927
15867
1339
1296
16910
4678
7550
16175
21193
12829
16228
4999
12218
6176
13071
10759
8794
12437
10668
6927
6461
18419
6834
12523
22786
4306
8480
10699
7843
1528
10201
40
78
8174
5153
11751
820
15613
573
11244
1988
20534
702
20047
21887
5424
14464
7371
2247
7660
21919
11242
20200
11522
9445
8539
16688
20223
9542
22162
12368
11870
11214
19838
7451
19284
18130
22284
4803
13979
15544
19747
914
10003
18493
21389
12208
9212
12293
17755
706
11195
22452
2
7960
17584
6127
12115
11379
21975
12536
6397
12673
16970
5317
11211
5992
18040
22407
5332
18366
19914
4452
13092
14975
21365
8764
15889
15622
21313
13709
13872
11215
20235
20450
17448
15671
9375
16685
17804
13049
1755
14314
10695
8032
20033
12099
14869
16110
10984
15744
14371
18677
17833
8190
17125
1872
2361
11167
18481
4553
18655
3432
22480
5281
1061
1478
6055
5607
9848
8305
18580
19547
13967
9960
19936
17701
13034
20732
7819
5
17164
22489
1129
12303
21497
913
1638
19026
15516
7814
21362
1062
14449
19322
11628
13490
12020
3360
6999
19011
18336
18841
8112
21666
21153
22150
14514
22919
12232
11067
9884
11560
14919
20693
4082
93
10540
19986
17466
7302
1366
3202
14390
20834
16129
1115
12231
918
8803
4417
16992
20263
94
12095
21895
14718
22510
13343
13058
9863
12060
17696
18952
1643
10235
15213
7412
15972
18438
2207
7326
2342
4531
8365
4631
8926
12151
6841
18447
15264
15946
3484
8689
5950
1911
18742
11045
11828
17537
7737
12264
22618
8388
15397
14504
8157
14411
20940
4882
7897
5449
8214
2194
5024
19833
22371
3739
5532
5267
10354
12520
9874
730
4154
6419
8490
17714
8570
459
12374
6773
22357
1230
9612
20724
8576
2058
9170
3823
8485
22851
7046
22803
1731
22899
5801
7600
16316
11188
7924
3716
2819
9070
7148
7894
4383
3928
21791
5271
17652
10140
10464
22951
13745
22329
15908
22764
8448
16956
8659
15008
4891
19151
21355
11559
9989
3577
21630
11656
16855
19155
3458
11047
12391
9306
7145
11226
4552
22482
22736
14339
19095
11591
21143
19373
22507
11467
7733
8076
11381
15430
15879
11655
4022
17209
15199
10414
14110
2783
17290
18241
18885
6582
14332
19827
548
11847
18411
7574
5430
5642
19980
5497
11288
8693
14933
21096
15494
354
22411
3167
17229
20570
22320
14508
3566
15409
5347
10786
22324
30
8662
15246
9748
9158
703
15730
3723
11239
7884
2164
16905
2577
2677
9741
12676
4472
13212
13986
17774
9914
1132
10369
16132
16277
3812
22255
13718
6574
22122
12086
2405
8632
16180
13198
16933
12412
11234
6078
6028
5354
21873
21822
22781
22502
15640
1974
18720
4258
20620
12914
647
13470
4623
16671
1095
4614
4237
4732
17245
16602
7812
21948
13694
15000
13427
1847
2626
17783
8050
14495
12570
12529
18603
10870
13128
14310
16528
18968
12793
21322
10873
11620
16544
336
5272
8936
21074
16756
16430
18895
8658
1337
13722
8842
4236
13399
4351
12441
13269
11265
6617
12067
1182
12767
1778
7526
2336
6632
17661
9807
21602
22862
8081
7134
19457
17295
5879
17536
14266
315
17171
15499
2070
21454
3257
11904
2751
17818
4405
4585
379
6831
961
15790
15974
15355
21242
7741
8595
7495
19635
15745
12332
3420
10627
13852
18853
9979
17391
13359
11853
6089
7680
7782
10085
864
2740
20440
6752
279
15618
7940
18048
5840
20107
13275
12338
13352
17336
1348
12364
1819
20062
14019
11964
1401
6231
20846
19384
1064
3532
17435
10981
794
11302
12601
4879
20813
5691
3287
14011
386
19471
16179
13119
14795
22072
12298
10534
14383
22037
10758
7041
14047
6190
3701
1903
2348
20721
15335
15258
17917
14712
10532
9217
3571
22486
3185
3391
10121
14307
12065
21923
6121
22519
3720
1995
22741
11782
9125
16387
2046
19476
12350
13900
19694
11206
11680
21984
7978
21024
18290
17095
5414
21600
9231
19148
12226
112
17219
12420
13282
17968
18934
18558
21325
9147
4441
22971
13073
13760
21230
291
13259
16287
11613
18371
2835
20383
11011
3598
675
18751
5054
2992
7973
18412
15175
1216
1781
22032
5761
18887
9075
20908
19503
1850
17977
14525
17284
17943
1153
19401
4637
21245
6540
14427
13356
17269
3346
13545
3967
11736
5211
10114
2002
5303
12074
10633
19732
8944
5040
7998
21275
12999
22130
20214
7839
5046
2824
1053
10320
4821
16089
7663
5253
4783
15114
15418
15985
3726
13638
5216
20906
5050
3933
14695
7157
679
21334
1866
7141
4779
20751
11864
8634
18940
17737
14366
7624
10642
9022
3144
3605
7070
18051
3686
21843
8592
17187
14662
307
5172
8334
5390
20
22659
16246
21511
16105
10249
13757
16419
6910
13587
16185
2620
1681
13501
16510
14529
12905
1524
20552
11484
2612
12502
17883
847
16025
2421
16258
15025
6982
4396
284
12946
5623
68
6783
12055
18611
13523
10732
9053
1946
12557
4131
10061
17279
55
5918
12171
1330
1448
15465
4971
16020
20430
10664
2706
21324
875
13647
12167
1405
22945
15464
21094
5839
226
115
633
2126
10333
6610
10420
2814
5699
15421
11797
12993
6080
12649
15969
3869
9174
17645
5571
1878
9204
6432
15304
7880
10923
1527
16692
20160
1226
907
1606
11642
15725
1732
19464
16837
18964
14182
4806
6400
6394
18439
8844
10385
9913
8021
9288
12880
19762
1825
18352
8262
17218
18013
6694
16408
22498
14111
18648
6885
21046
12311
14973
19765
19389
17016
18942
12179
3127
2650
185
18104
18799
14008
11648
9583
12575
13550
11397
12771
15297
18409
17066
13185
3044
15381
4362
9561
12755
13999
1362
11903
21869
20323
15822
19724
4657
4474
842
6481
3632
14119
5679
14637
3604
22698
21025
8717
6607
10380
22710
2960
373
15426
4620
5542
3467
1791
10849
13233
2926
10023
17583
15610
11808
3449
12348
22339
21766
14388
17986
16627
11792
3396
10962
18757
799
17238
22165
1547
16017
692
8831
5143
22844
8751
5318
14486
8903
16661
9840
7099
16771
2322
6634
5854
6747
439
3675
9680
12376
12768
14044
13250
6704
9537
4801
16450
1310
20487
13331
6797
4322
22920
12548
12372
328
18197
20087
1
10055
12363
18856
10183
2895
7938
12794
17485
20662
3629
16868
2128
19841
3825
15884
8559
20257
16763
1518
11925
2600
7153
17150
876
14305
729
6944
20871
7536
11190
6076
15011
12860
10289
6169
14190
8399
11231
13980
5952
15356
2845
22872
8781
10684
14777
12942
22069
4717
2755
5516
11371
14986
13462
2891
18233
13843
7391
1605
1759
19752
5471
22035
15953
18083
5508
7094
4976
21925
14943
3530
18520
15599
5834
10063
12781
15843
22242
22141
372
7076
3180
22145
19264
13661
4615
8341
13013
19323
18822
7810
11616
1599
15862
7331
12172
20663
475
21428
5052
22860
19785
8226
5563
16443
2538
12988
7307
5018
16876
14431
1016
22492
481
13455
3499
2556
19500
4668
7811
16469
11012
22049
6278
215
11842
870
22152
17201
14232
20769
11716
8204
9585
363
19274
380
2388
6217
9050
10834
10719
17190
22531
12703
10742
5464
10248
18188
22003
21144
18586
2737
18606
4134
19828
223
8909
17487
5274
221
20267
6699
2900
6020
16803
3657
19805
21256
14971
8947
12757
3470
5753
14448
8776
19403
2965
587
9836
2994
3834
10995
11097
16943
1319
20500
1818
12384
17648
3910
20951
22121
4771
20550
15553
17234
15325
13449
19840
22749
18177
18422
17555
7621
16557
15302
18697
3386
19761
21107
2087
20049
12467
4638
20305
11178
8577
15578
13050
2414
17912
2758
15266
15078
11693
17826
21098
5305
769
431
3936
19123
10581
2806
13532
6716
18552
3400
14615
22024
12396
12385
15887
20270
1537
21169
8397
15550
9173
14356
11028
683
3814
2936
10843
7017
3569
12642
17744
20244
1451
16075
4092
19031
19994
10189
725
19997
2462
11296
3162
2718
6594
1926
3523
6942
21085
3688
1717
16798
19963
18646
1979
22641
6673
20926
6732
21267
19392
7529
6184
1993
18986
4852
4453
356
872
1052
6494
22222
10151
9467
5527
19965
20366
4853
17469
24
1706
7836
9297
6983
12432
10287
12369
8923
20161
8708
20479
14134
11374
6524
10970
16038
20136
16991
22089
15477
5695
16476
21540
17598
9129
6070
513
3233
18591
14317
6857
20891
4227
16675
10231
9790
13823
2632
11855
13039
19313
11037
16824
13489
21605
10797
5792
17136
10144
6306
18994
85
1532
1521
6165
14874
8486
7460
12747
8071
15157
6724
4584
21337
13327
15398
4628
4591
14501
20295
16806
8170
9269
11908
3992
5655
17087
6727
16636
3274
15615
19566
15675
11544
6342
7870
5590
22470
7946
997
9474
22690
12276
3661
22096
18395
11875
20728
17212
7195
14034
18405
14316
7746
7534
10236
18830
15119
5723
496
2638
5001
8605
3431
11790
2692
13567
1169
20814
1480
8718
17676
18766
915
2074
7292
10090
10373
4037
11632
14484
10104
19332
8565
18121
6849
4862
5459
5263
10612
16521
1439
7532
8077
17835
2918
22808
789
17770
7535
12402
15669
21459
15732
5930
11089
21173
18313
14177
17060
4414
7563
18644
18169
17814
4906
22103
20021
17519
13548
5800
6023
258
14941
20873
19474
811
21137
9978
2974
18987
491
11259
13380
14942
21784
6580
18890
19004
1816
9665
6890
19670
8173
9358
10957
17442
8668
22307
3524
6967
6626
11899
14618
22107
14092
16612
3578
11734
12419
20213
8241
2047
17075
18472
10514
18245
888
615
22443
10074
12761
12200
11684
5021
10545
3665
17385
20850
8206
22301
1923
15222
19238
10708
21940
12820
13358
4772
22030
19710
9310
12858
5926
9169
15789
11174
3771
17574
12274
10294
6768
4601
16946
20875
18140
9534
7337
20767
1177
1721
17855
22131
2499
11711
11098
22730
10816
20691
1875
4019
17077
19718
13473
19339
9514
21208
16611
14003
18505
11719
18223
22936
14575
14058
5069
14499
6284
526
6661
16754
8385
15854
13936
9854
12863
9910
21062
4232
21063
735
4057
17396
22744
9946
138
15181
19276
3323
11036
13066
15449
5996
8979
19145
8545
17562
12517
9903
14758
9766
18790
17708
3428
8166
11621
6384
18072
8392
6141
17198
2734
5922
20804
17712
11604
7910
10192
20100
6072
20556
1597
3441
5832
3001
3792
67
15855
22656
20755
10677
6412
21636
3363
10220
15668
3087
9144
18228
10987
20792
2779
20618
16270
2725
20242
17427
19184
7406
832
21645
2029
13685
12611
3558
19484
18491
5949
11168
15518
19903
17963
12813
8282
21971
21486
13660
17347
9354
14007
10160
20170
4712
4709
17615
949
3473
10344
1336
15832
10326
11846
10869
17272
8937
11469
19658
507
8578
17328
14931
15751
971
17475
13376
2535
11471
12707
15575
5387
2329
14742
13221
15721
5220
6917
9916
8479
16964
15842
20227
5910
8245
7572
6318
12549
8874
13612
1145
21952
7751
16607
9118
11318
2378
13317
18037
232
18561
13557
1280
13400
22220
2239
14446
18776
15772
16952
3783
10112
12815
14278
4191
22676
18307
6057
15538
16669
17920
21246
22254
12377
17167
12073
10152
19144
21990
19804
2401
2313
20277
10600
17165
16002
3888
14805
16230
19166
3616
7559
7485
17733
2795
8012
22008
11256
14428
18988
16496
22467
1867
3378
7987
5294
4919
19058
7037
10031
14584
3096
3350
849
22060
4008
3833
3442
13593
5729
7096
4160
9788
21430
3717
8127
6434
20576
1267
10868
5232
10006
17088
1776
2083
1023
4151
6216
11928
6606
16939
939
5565
19174
6979
18114
5742
9355
2341
17689
6701
18810
14325
411
22487
1418
5004
17782
15075
5638
16176
11983
1795
10243
18959
17893
5400
14287
15558
12018
1060
12957
21487
1662
12698
9591
20752
4068
17225
22653
5810
20374
6915
16199
20784
10466
8258
14841
1121
5002
22359
631
12694
6847
22001
22868
14337
15164
19053
13619
10777
15281
2071
21156
9866
11384
19032
6681
5557
11647
18062
16535
1205
10066
16313
10552
10701
1510
8771
7198
17720
723
13626
21541
806
4205
2465
13170
2165
18837
2034
18528
8520
8729
17734
1139
6467
3433
3781
10078
2789
6443
18118
8309
11051
8060
22713
1285
11803
3784
8438
7618
4292
11506
18696
4674
10805
7306
1897
20821
7607
3596
10478
3760
5705
3679
19995
14654
22176
3056
15067
16989
16061
17263
20429
14284
13604
15167
4975
12677
1733
18918
4736
3461
11240
12358
22608
3777
17242
17175
15134
11389
2489
15162
20114
13293
15446
303
20268
13869
12000
7380
13510
11796
11508
6588
18589
17497
9549
19987
15960
18532
5456
14994
7034
16058
46
11218
14108
3747
21596
22305
12567
22196
9194
18480
16261
280
5733
465
7338
4336
13840
13675
7827
11720
13394
21598
19244
20703
10640
19964
12717
17377
2417
13632
18028
19993
15490
7787
8870
5973
11993
17571
9348
4122
9594
14263
6509
9875
8904
6921
9462
12296
6214
5299
14376
14164
7024
11337
17658
6427
9192
1011
6625
8358
6326
9809
18012
13693
20050
14283
7291
21351
2151
15239
11405
11995
1558
21740
1085
911
12730
20780
17595
17121
10662
10318
514
4302
22416
19334
19749
21223
10853
11112
3660
38
8456
15387
13362
1142
4138
1196
1800
22706
18432
13811
19509
4635
20643
8208
19865
16259
21150
17858
20218
19719
11986
12994
15002
17071
2855
295
22309
10788
11093
8826
11054
273
13398
10368
11362
3672
1835
972
15305
21582
2090
12670
627
7173
3194
12889
19048
21864
5914
4067
14754
18275
14470
20532
18318
14792
9865
13341
22578
14228
9101
22347
22818
17636
12199
16517
9281
8113
15291
15997
16790
4516
715
15631
10270
20737
12471
4996
20879
15197
4506
12383
11136
19505
11600
17311
8865
2798
22098
9110
18190
12689
17388
11721
17879
20032
7255
6664
11409
2836
16741
449
9694
22108
1049
9117
14184
5562
22820
3673
6781
13029
477
1263
14597
19024
21801
930
837
4390
6621
14412
276
7179
11972
15438
19811
7247
2056
8286
7620
20144
11844
7313
17921
7619
1908
9791
11088
4260
5868
20937
2800
21270
8006
17480
12026
5450
15017
570
20582
4288
15394
18782
22724
7499
13497
3790
20034
19466
13508
22580
22546
10030
61
6794
1709
20562
13994
16004
22840
15592
21409
19485
11310
7662
17738
3122
749
545
5072
2898
18170
8643
17740
11075
20470
12165
1854
21744
335
22712
17707
5122
19064
5871
13943
11377
9920
6698
21563
21320
8292
18271
4278
22650
3849
17280
3529
17705
19952
21124
14354
3020
16343
2064
11058
8661
21161
15131
14075
1922
8567
17958
15845
19326
4332
6034
6458
14220
4091
11254
7991
429
5393
13561
21621
17331
14935
15528
16734
13403
10378
6074
274
10711
19477
8925
6871
2282
1927
19596
16486
21157
5112
19830
3764
4282
6940
13232
2241
21835
5680
9851
11885
18807
12425
17065
7473
20867
8134
6906
20993
3417
18467
6241
1472
16548
13959
18308
22796
14526
17589
11024
13820
12951
13401
8537
18921
12075
4857
16211
596
3289
21885
2972
7265
12382
7755
20322
1849
4295
13816
6064
4159
1473
5980
1080
22592
3115
11161
15254
15169
15926
183
235
7223
20163
1491
15118
8579
11039
21717
18709
17033
15852
19519
13328
14117
486
22582
519
20185
19015
1936
12418
11440
22589
9666
18398
22857
17827
18182
22011
15386
1640
11877
9254
18524
7977
18795
14923
17146
8719
14766
22551
13274
3504
21518
582
8585
11438
9003
22756
21279
13592
20031
4720
20794
18316
21498
17293
2802
20945
19563
18645
17764
22875
13590
15170
9371
19659
15049
7325
7081
21509
13971
17551
6008
1459
19678
16784
17672
19100
20736
19094
9625
2949
9759
21396
18002
3332
9377
6572
2602
18721
1915
15511
2312
11649
8569
17143
14086
15237
4819
18825
12188
4001
19275
20311
12664
21506
13748
13513
7142
8096
3341
12559
12254
13117
13368
22861
10804
16579
21377
6586
8721
3773
15137
22735
22914
21182
9016
16418
2822
8128
13618
6952
14684
12132
18529
9100
12779
4393
16057
387
22091
896
17876
10634
20711
9508
3945
21959
5336
19593
17258
22874
11610
19787
8542
5602
9294
1883
3899
186
13756
8033
8607
13385
21927
20931
19383
16645
14143
12282
15359
11104
12845
12685
14442
2976
14123
18258
4564
6593
15664
12494
809
1782
1275
20424
19078
18320
7692
18023
4296
3734
1243
10444
21644
16439
17594
620
2261
15734
17489
1103
10639
14303
19801
7078
10033
10637
18183
21586
5794
4177
1660
17794
3975
6729
2647
4714
13168
765
20828
8352
9744
15317
19763
12909
21860
7021
18775
7762
9696
5007
12920
21455
823
15905
12468
14767
10007
22726
5727
18783
17464
12285
2897
19639
1747
21832
6613
9268
3261
9433
16827
20883
13942
8588
4028
15384
684
16072
9248
13780
14158
19667
3161
16555
16117
10558
10122
21003
15990
3794
6307
6229
5339
11848
11247
15810
17813
13617
21172
22201
1869
18549
829
20302
11181
21650
18579
2482
16103
20327
17725
2093
13650
5201
13260
8761
5020
17452
1426
13405
12561
1930
13413
15831
15645
19873
2616
2109
10885
19606
1686
17848
10501
6527
6543
2428
21159
18576
12929
4215
21713
17471
5155
19246
18571
18018
4065
17938
17934
13246
9510
6939
151
905
18725
4197
8753
10688
6498
16786
6596
13729
19909
11424
9573
21668
18916
16585
9140
19430
193
11185
15005
17759
457
9961
6904
17068
21072
19346
6380
7186
8916
10427
6109
20019
3425
3684
1966
7220
15211
19700
6774
20946
13836
11788
14391
11426
12464
7533
13521
22491
4194
13945
13164
2436
10041
7476
3072
6945
7172
16362
12316
15423
19194
10773
5196
17030
17888
15180
10115
13802
808
20105
7858
5130
5238
5129
771
8852
13458
10306
3038
2993
17370
21868
7167
5148
2913
20783
3437
19093
9274
4471
5673
5068
18082
12083
6275
8164
11216
13085
19057
16066
10826
11197
5496
11609
9490
8872
17252
5830
10436
12810
11194
12944
15205
17163
3372
2016
6937
9754
16711
12053
13304
21628
17803
21260
20466
458
10838
4491
1729
13267
10595
9484
883
8504
9159
22055
19533
4043
9001
16660
16879
2251
13630
15691
3165
7969
56
10379
8951
12261
4209
247
6475
7823
9747
14995
9475
6019
15736
3258
6143
5397
1378
19043
17025
13311
10474
727
10046
21373
5250
7525
812
7320
12092
6077
9911
14257
21560
1270
6133
9745
17686
7106
16697
1305
9879
18753
16269
4943
2294
17559
16130
7971
17168
18092
9367
4797
22476
14280
2149
8981
7723
21042
4543
17851
8548
12197
12213
21247
19959
21839
7579
13915
14911
10579
18357
17985
1641
5351
2504
7886
8621
4475
6968
13416
338
10099
9734
1269
20645
15901
16024
4334
5836
14558
21689
21841
5939
8953
7083
4711
5392
3376
14160
12938
4400
19163
19168
10419
6651
8799
13124
13194
16059
17022
3003
22231
5014
21014
20647
1595
624
6336
17449
5378
3368
11583
7927
986
19922
17586
22245
22319
15365
18497
9805
16267
3477
19850
2682
21812
13363
10827
22321
6612
19424
10096
20341
2359
22827
19941
14757
15077
16423
14920
13015
6191
4264
3123
12710
16558
21078
19435
15766
18300
18437
19870
2594
15309
19895
9823
20636
11369
12510
5367
21637
9959
4254
11839
22310
20059
12403
18808
20880
18187
621
10064
13726
5276
661
20876
13068
11137
5945
14049
3630
2803
19362
13858
18973
4666
19416
293
4413
1108
8288
19584
4850
17773
1841
3110
17459
1636
12891
11308
8291
15320
4468
21456
1123
21347
7916
19511
15495
6200
18171
7290
18633
17310
18829
14221
3240
20222
16275
14253
12397
9611
21982
17713
15785
6042
10966
16411
6620
14635
1112
12400
9650
962
8216
19343
5279
13305
18953
19768
516
10998
5735
13140
5536
15143
5423
15976
9208
3674
7217
12122
21060
20376
1317
58
1952
18152
19605
11142
4502
9506
12719
9420
609
2543
20197
22895
22831
4903
11052
7466
2410
15287
4973
4636
3882
79
18238
2521
14797
11988
17203
1752
13698
22916
361
547
22224
5901
8368
14432
9941
20754
1287
559
12927
7689
652
917
6531
7758
8836
15042
18991
1578
2716
1122
7222
681
10161
14510
525
21632
5360
5858
9645
1420
18739
18690
15964
7583
20094
3482
6818
1887
21209
7016
8095
22256
12143
3138
15602
22947
12534
19454
21293
3208
16442
18947
21177
10591
4643
4954
16347
18333
1415
8502
21762
19345
6205
8217
12587
13642
20797
4609
20886
21412
5372
14203
1614
19395
20989
7567
15753
19690
22123
12615
10696
18681
9522
20125
1408
21573
17952
10761
22941
16864
20292
10986
10793
21121
17991
16546
14535
19703
18982
21093
14574
1809
18454
20236
12576
4517
3640
1266
13516
12258
1249
705
11430
3982
18643
22795
17525
10744
22611
1116
11009
20921
10050
4333
5615
8670
4170
8122
1710
10342
5837
11514
15156
18010
606
17567
13568
8703
10520
14622
21183
16338
1138
21505
650
11580
19988
5682
15713
88
11096
15863
4542
17665
15825
2529
14311
13326
5376
10324
10273
17103
8275
3197
14949
6027
15071
14115
3546
3949
12830
1118
5247
4945
6346
11055
21817
9148
7964
7215
18716
7193
4751
13614
14762
14738
4060
21871
14478
18970
9870
15754
6102
12033
3170
6113
761
6951
16342
12236
13461
7786
19413
22774
21467
14741
13088
9994
7028
10125
8724
12121
18620
19943
59
8094
577
11356
12217
22405
4633
179
16295
15310
4557
1525
22599
20877
166
21814
15100
9983
4455
19237
4347
2643
10692
14496
981
15948
4563
13973
22418
10282
1691
11774
17271
22267
15907
6470
13053
12221
13794
12407
3214
4360
15975
18477
13241
16358
1720
20377
14567
5337
1268
8101
10846
11166
9703
15546
17644
10426
6711
22012
8225
16800
21300
21110
2032
18880
14665
3351
1539
10108
19067
15344
20293
19831
21345
11961
19668
7650
20347
10944
19592
7414
2831
9786
12627
1674
665
19546
20480
66
14443
8653
10645
4842
6799
14611
787
1975
19745
21926
10527
22408
21235
9260
13370
9459
16986
882
17436
13098
5696
126
16088
22898
17509
3959
18348
22695
21139
19418
17609
12193
21057
15312
12682
5514
22691
6738
1000
16831
1303
16413
16493
10218
9039
18717
11283
13683
16094
1625
7921
15053
1949
20858
1291
18686
3528
3103
17788
4660
9327
12484
5458
18109
7922
4241
8582
14498
15035
5928
22661
16954
6005
828
13224
18158
7887
5751
19567
11346
1072
10260
8145
17508
16306
9837
21750
21305
4411
3562
1704
9291
6108
12469
8531
12268
6114
11567
14445
18865
12322
3035
3767
5530
1978
20481
12952
19539
14818
11312
12057
11264
13127
7310
4294
8092
3787
4947
9229
14812
1497
6507
5724
2470
16787
9369
15983
6122
3972
8452
1133
13624
10017
14296
8475
13787
11114
21622
12088
2627
19650
9456
694
22016
920
6189
6843
21022
2539
10100
7602
11675
659
15095
19590
22742
5171
4487
1443
13062
2275
5295
7389
4648
6315
21725
19448
9580
20113
19052
12058
3125
9496
6249
20992
309
16653
22740
2649
8227
1244
1550
16080
2567
20449
4000
12918
19675
20423
22640
4018
10015
9454
14932
6852
9982
6571
8675
9138
6546
6154
11811
8369
17868
16846
4573
13795
995
22785
3917
19946
16834
21067
6980
13817
17624
5784
7374
22417
21248
15655
11333
3593
13970
13834
9999
22655
6598
6137
15434
14860
6548
10952
18507
12442
3884
18906
9907
11959
2957
5285
12975
2208
11339
9864
3422
2277
5740
11276
22244
22824
9953
22034
16405
22543
7333
14285
9071
18069
15257
15902
18272
11821
9115
22360
3356
16303
7235
17570
867
17722
10715
2385
8648
22511
12319
7399
13155
11473
20735
5873
18363
21561
22864
192
6707
22605
1090
13471
19307
7177
14774
7664
644
964
16164
19738
18671
20352
16366
16108
8152
21901
4872
2424
13502
22363
9395
1374
12462
6088
16694
8858
14770
15929
15677
2509
15524
3010
20023
17627
5989
13878
14095
21271
2856
6523
17188
4016
4735
22839
22758
11314
15052
18486
21738
18772
5264
5455
21435
11457
14055
8234
18666
1501
21758
19880
1017
8467
6823
6022
442
12252
7289
12103
1702
426
18058
18956
12457
21335
9886
6081
19170
20903
9025
6647
21900
16158
14636
2429
9795
1304
18474
14156
11550
12997
17040
9516
7477
13335
15061
16036
6469
4087
15761
15741
3918
1493
13018
14980
18368
20954
12681
17193
13302
1396
1307
626
5198
1870
10028
13964
12110
15885
5089
22547
18653
1617
1435
5268
18469
8519
11486
16833
11313
19449
11872
20404
18157
9713
17261
18429
12697
10280
11408
9344
13193
16195
7809
22493
5874
18257
6178
3148
5748
16755
18211
17709
2392
17643
14832
2553
13025
8477
17092
21833
22506
17285
3280
18086
3591
20514
77
17966
2599
19674
13187
3946
6758
7580
3503
21493
11664
6842
5402
4069
17911
14707
16649
6375
21695
10388
21490
2887
14069
10346
12616
22692
9422
20196
8692
3595
10820
18828
9193
17093
10462
15219
4800
6123
18147
1278
13203
4702
2187
7155
4014
2794
3466
8248
17059
21779
9797
7342
3404
6766
5221
7707
17549
5789
3026
15427
2200
10852
15729
13308
13152
16215
14720
4485
10872
11390
11053
10993
18436
7482
11714
11643
11449
16212
851
16410
1745
16009
7543
15626
21677
19367
2178
4357
6819
22385
5079
2017
4382
1246
18891
8743
15193
3613
11329
14833
4687
7481
20111
7615
13667
13702
15330
7419
18373
12535
1644
2875
1471
12686
3826
2439
2243
10458
8260
18901
12023
18750
697
10389
21145
18710
22348
3536
13681
14952
4878
12961
15808
18090
8756
4219
253
3582
12162
2182
2267
17787
12511
11220
21440
21158
15415
7626
16619
1500
13939
611
17441
8213
20455
4877
11837
11840
13176
13555
7648
4792
19084
7370
15123
20583
2672
2099
3149
11198
32
18291
3005
17820
5846
8674
7161
20445
6742
2629
21441
12873
4697
8673
20910
17005
12242
7628
2023
21480
13094
4229
18339
6290
5693
20471
1913
20515
17418
4952
17894
7174
1194
7305
13573
8412
4033
8126
8757
14627
10210
11889
14133
8328
15681
3028
11902
9609
16889
19370
11034
3140
15092
18240
4769
5199
1191
13825
13036
1712
9428
16808
8616
1077
19220
9584
9498
7438
7773
14963
13712
10045
11019
6677
7951
1071
12269
17241
19884
1411
12555
8522
2728
2008
22210
20669
14563
8706
7042
4835
13596
6822
13666
127
12897
8885
14416
9469
11227
118
11410
12215
15478
21485
5403
13830
7110
2882
10535
15029
16919
15408
16794
21116
19172
17501
8914
7553
14471
21295
1763
14450
10384
14128
3067
20666
17854
13663
4409
3168
13736
12984
2630
15454
4054
6258
2694
14957
22199
8237
7815
2400
9969
15643
2435
567
15996
4242
926
16769
7428
16403
568
10423
8965
12089
8553
2216
20010
16801
21500
8091
1787
15633
17526
3483
7617
5111
13252
1523
8454
12706
10574
6573
14475
18390
15954
1149
7976
12593
14087
16524
4078
14037
20872
10275
3698
14180
1959
11109
16709
22229
13524
17540
11209
6464
18778
5850
164
41
13536
16184
8700
15956
6503
20284
6391
5355
19386
13423
5492
21962
20433
4071
20587
17266
4884
14166
17006
2175
6444
15133
13839
11020
18768
14101
17819
22270
17439
11090
4571
6251
17302
17869
19846
16040
7107
22496
17723
12581
21699
16647
16438
17334
14329
11835
13613
18379
16708
22822
2955
22716
1214
5115
7876
19199
15054
2250
14650
12191
16300
133
13777
425
2089
19044
16730
22299
7299
12641
14487
6992
15932
22341
6765
6558
15853
16282
14804
12196
19679
4404
18281
6110
7360
17605
11900
5614
2506
4606
21716
5674
2045
3824
12450
7905
8736
20852
4368
4428
9968
8734
22942
17554
11968
14120
21330
18531
19124
17426
9792
3740
9338
987
20338
12828
10221
3007
7257
397
10013
324
9252
12145
11629
2778
19077
9124
5843
7558
12176
2118
18931
6259
15792
10774
14330
18794
20024
1906
16087
11841
15574
3862
2988
3896
13931
13725
3610
5204
1861
12629
4050
20947
3112
17488
21876
11328
1271
11334
1178
6334
9178
5158
15116
2028
10809
14572
965
12365
9389
6348
807
14553
4006
7851
4935
10393
8093
1423
15882
3199
16934
14105
22393
3705
20595
15581
17275
924
2668
4522
417
2431
17987
21461
13895
8978
1893
18376
9431
11785
9779
3745
16767
15769
12152
15737
14915
6697
12004
9889
4375
14393
16596
12211
9832
21120
10940
14206
7073
2762
6303
10542
9145
7686
17784
5954
1301
17115
10915
2451
14070
5252
16897
3906
1458
17825
5608
21558
14114
6854
4926
4649
1740
19104
22501
8984
22404
18604
4435
18285
20596
5345
16126
15931
3580
20271
6513
8563
4473
14269
13633
8815
22933
12207
15824
8264
3298
18927
21818
13984
2820
4195
11938
4828
15019
9771
10052
16363
3712
13783
584
17473
11978
1648
6105
21368
13601
499
4086
2477
1571
7114
16826
1889
17607
8850
21904
9067
9285
21815
16368
14843
3828
752
4155
346
12431
17243
21811
9218
8376
22337
19999
11092
4721
15757
3006
10109
14485
6471
17303
22274
19575
22613
3074
20333
21863
12633
22031
738
17662
17836
11470
20452
7115
11776
19105
14254
19360
14699
5074
12146
6195
8975
19180
13228
8727
17560
9240
13773
21626
22838
18014
9374
22532
17476
15024
19778
12141
10894
2389
8690
9682
762
6989
14904
5486
3305
1353
8499
5991
2237
7727
20108
3611
5583
22248
8422
12737
7382
22568
1265
556
83
7175
7379
16244
8535
7180
20640
4389
1081
6483
6238
6374
12778
17746
14358
8313
19283
17460
6769
640
1400
20372
14402
2365
22453
9529
16166
9937
5226
8491
22045
5301
15945
15833
20716
11392
11713
19216
10980
17323
13920
5932
18945
5119
4605
21466
22065
17514
5309
17518
13465
4433
4832
3078
17757
2791
18755
7430
3922
16744
18621
8742
16191
1508
14789
13584
646
18173
12741
22693
3244
7957
19209
20670
7935
12497
17122
11147
14458
17507
4685
1231
767
3118
13120
13300
2951
7881
15838
3979
977
8120
22021
9018
15981
12284
14231
20874
6197
17802
1164
22908
3774
25
2311
7239
3269
3907
20389
12724
10244
13014
2005
518
19459
2420
14348
19429
12940
2063
15661
15313
18252
7057
21651
10704
14246
19195
3388
13851
18204
8418
21424
4359
17657
17538
6316
17296
8107
11772
19891
19222
12524
15327
19677
4316
20970
12329
18659
20915
18229
3282
20380
9286
6756
19161
19317
10451
18383
15779
22915
19637
4053
9782
17037
11669
13033
4560
3242
11804
13730
18873
14704
3373
20272
5863
17244
1943
8183
2037
5791
9236
3382
12301
234
17021
1896
10229
881
5619
20022
20149
18724
10660
13244
20167
3769
3011
11255
15263
19879
12387
8088
12551
11787
18541
11851
937
8521
15318
11687
2171
9867
464
16850
12321
14541
6693
2929
11553
6961
12514
12817
11813
22478
19507
15353
22973
19733
17233
1302
13687
9685
17575
12318
7452
9495
2381
7323
3331
15148
15151
3173
9439
12416
22563
17914
21897
174
22157
22479
15231
19289
14137
13254
18809
1968
7882
1677
12962
7918
13082
7873
8228
13415
12666
18268
19341
11084
8191
7642
4530
1530
6068
12240
6198
3915
18935
8250
13422
20909
22240
14041
10364
17807
9267
11798
13180
22413
6300
19268
13874
18712
10500
5284
9386
13214
1646
113
12414
22288
15221
4146
7930
8572
16113
22402
2186
5958
17939
11116
9190
5237
7364
2811
358
20589
10142
11529
12868
21475
1566
18049
265
14862
7926
21647
4261
22382
3552
18038
10739
22306
15899
3036
4981
7716
1503
19141
13121
7967
20791
8813
4199
1834
12538
18802
16414
15138
21088
581
409
11041
17036
22566
19390
8901
18694
17199
2678
15306
11706
16344
22246
21659
22041
14382
9622
17373
12958
16766
16361
11068
11954
10068
20762
10146
16042
19548
4829
11100
15046
4256
11420
7039
12702
11893
14400
5177
15388
10862
12480
22759
6602
4378
8705
10334
15435
18344
4833
861
9480
3209
11677
18095
4397
11658
15129
5322
2866
4556
14664
22052
6398
3369
14817
14057
9113
14031
17923
16829
11380
12941
15940
17182
5657
2569
11651
10904
3030
3678
4859
13953
18804
14146
8906
4988
21381
18059
2768
15696
857
12001
13378
2598
15278
15256
9195
21618
22869
13988
3885
10340
18116
3222
5736
16470
2476
10799
5296
6889
22609
283
1698
20654
22757
8249
15051
7683
20394
11645
10972
4259
6325
18506
8028
22271
22017
15561
11428
1823
14605
385
2127
6578
19438
13379
3342
7090
12985
19328
21358
15904
19542
11581
4118
6083
1128
5125
21185
3518
2384
22401
18135
8025
20181
13609
7697
13145
13921
4303
14426
18200
3479
18915
643
4524
4651
2088
6740
9419
4458
17668
5826
3608
21329
6541
5999
8239
8123
6174
8806
8723
19557
12826
13623
2221
9917
10310
21995
4432
15919
18908
16783
17351
20118
14856
13871
7643
9557
14893
3362
12028
4490
4165
6377
14937
19913
11040
5776
6329
3535
4074
20475
9824
1798
13147
21128
18303
5056
18096
1583
3043
12136
17044
6225
10141
7459
21524
8273
17024
5091
22559
20657
21038
14398
22442
11513
14372
8382
985
7717
2916
21960
13710
9770
14881
3158
18400
466
20668
13301
2883
22958
4764
4539
8246
4698
11025
11001
8184
17176
9463
18036
11535
14018
498
11574
5160
9637
13868
8403
3927
17919
11584
651
17530
7855
2639
10089
1631
14053
4328
1140
19287
721
21550
4228
11021
3669
2236
11819
4864
13286
2603
22369
16120
2375
6700
8457
7551
12346
9473
9033
4959
9776
510
4210
13701
20085
14581
7381
3489
22451
6808
1784
4217
2666
1229
1093
18575
7589
17942
3651
19321
827
22313
15144
9026
15568
15303
18946
7065
10835
7557
16260
19839
14608
2978
7668
5524
10918
16150
11641
11637
19198
3803
5192
8367
6487
2402
2575
6383
22311
21303
10978
4886
20572
2583
12144
14394
9424
1200
2985
2770
11525
22677
4013
20537
6024
7833
17925
21417
1581
19949
4343
13741
22278
14826
3203
9427
13934
21319
5689
15567
11461
3866
3071
22930
22184
5000
8138
20360
18414
2080
17337
3586
7254
18208
7696
15505
19410
194
20561
13065
21054
6644
2589
8652
20717
17104
14081
3890
19740
2491
15847
7999
11816
22508
8223
6152
15216
20259
616
21954
9602
15109
21961
4558
11321
4844
9302
5043
20442
14872
816
16907
16977
15612
6131
12974
10307
1542
14632
22090
19226
20098
12050
18649
2761
11634
8252
6386
14999
6101
7296
18703
16119
22106
13443
6930
12334
11351
11741
8586
18749
21972
21315
9446
12835
14035
7598
17751
17521
3288
18024
18943
21612
11191
14239
5529
17352
1082
1251
14461
1152
5781
7274
14106
21211
3752
14333
4265
12624
497
256
22644
16416
2773
2196
15992
14029
18707
2180
17862
16236
16999
5717
20680
21549
11262
4693
7568
7206
20297
17356
19583
5311
7637
22109
18936
20975
21513
10327
15337
506
18879
968
8247
11756
10651
15582
277
10072
5966
5485
17988
21624
8587
15265
21501
8084
6376
16136
3572
16466
10593
8378
19499
7501
12180
14116
6371
12718
17799
15498
2174
7019
396
13577
9725
22219
12312
8478
11429
1441
7075
1881
19896
2066
400
19589
19906
14104
14277
9180
19630
14685
7523
20878
5420
19042
2438
9347
4647
19329
12438
10976
6751
21213
18514
6821
6878
19135
10815
16569
7101
9827
8828
12440
15649
11115
20569
22209
2534
11614
10681
1170
15284
11153
1855
3155
8099
1181
21657
869
12934
3874
7182
9651
15178
16895
8317
20510
9504
15220
4304
10656
9524
20283
3361
22434
17162
10457
21458
10779
12359
2206
1367
1575
12034
11766
16588
2112
8196
4957
11597
9567
18679
13003
15624
10686
13898
15392
608
12501
21331
8007
1289
10272
14466
12910
20382
599
2528
1948
14198
13616
8238
10866
1808
21123
16162
1453
7661
15368
7952
8561
21100
16936
7857
18748
7920
2224
17415
7415
16098
20503
9619
7856
1412
7035
22396
6810
15934
2020
483
6687
20278
8496
8879
5513
20251
5649
8458
8679
14539
20848
1012
6925
20458
15354
17259
2729
6299
14429
7900
21282
9179
1655
4073
22772
15416
5796
14297
17147
22924
8133
8601
17291
1130
21419
5866
20318
7027
12111
8744
12031
2830
1258
104
20262
21192
19241
16160
7067
7207
20468
4559
9157
19904
15998
12565
12888
7688
17053
13655
10227
10489
17829
8142
15951
6987
14282
169
7363
4889
15621
5564
11442
14467
5982
2235
14596
15196
17801
4619
16448
4048
12039
9298
11285
3381
10233
9519
17267
11660
6059
10421
6519
21840
19192
4298
14511
12182
11800
5509
1556
996
6468
12413
20073
8371
20843
3656
15806
16379
4127
12680
6196
11843
2351
7069
9499
18015
17864
20474
8090
16218
8115
3039
16091
1684
12100
17667
3653
12448
16884
15488
11165
10802
7135
19349
14415
9316
4478
18425
22630
21519
15400
2688
5766
20847
21284
6246
10029
19886
14286
14727
4213
7840
436
14436
19545
16400
5404
154
512
18011
18141
4613
19585
11325
6522
2874
17220
13346
16336
7817
13339
18732
5061
22441
18752
10405
22316
2641
14739
1576
16304
12347
20611
17698
13896
19377
15424
9565
12131
19311
16870
18715
5864
10876
14962
17523
5123
16125
815
4027
20495
20056
10950
5501
21522
22064
10267
18602
12090
13159
11595
3758
4713
4339
8290
19447
12150
1283
21774
16459
16745
16921
11588
12590
12799
22515
20932
14207
11207
4761
22232
8968
14414
9641
1321
6912
2369
22328
12953
16115
1483
780
15803
16012
12569
20198
12081
20152
12256
8754
9965
6600
21388
11676
10906
15519
15063
2608
9659
14515
20603
8667
13648
5785
3677
21165
2722
15139
15060
16044
22251
9133
6120
11103
15571
181
840
736
1767
13218
5582
9448
19245
9417
18512
6920
11703
19984
14839
20995
12169
16918
12640
22842
6678
20290
21731
2231
8678
3419
7276
7052
3238
9434
5923
22384
16565
18577
14866
21748
22208
3278
4509
7669
2245
19182
4012
21641
15648
814
8263
12970
9391
3392
11554
9482
19372
12239
1827
18540
13460
15531
20746
2455
6038
9181
17805
6257
17041
19028
16533
13628
6182
8609
331
7060
11929
2531
159
9892
134
3156
21669
8483
16377
5498
10951
17558
19050
377
5445
21726
7970
5788
13491
10722
320
10712
11724
7196
20287
10594
21979
4570
8738
19359
11511
22966
14988
12679
1309
14950
6009
3538
9379
2928
13720
22612
492
1173
10339
22038
22602
3401
17697
16689
17860
13472
5312
3264
11225
4385
2097
20486
22751
1446
14059
15851
15891
13662
3903
16131
18244
13020
14965
21736
14241
22406
3290
9230
4032
21965
2101
10766
13824
4273
18914
8765
7275
557
11305
9168
20976
21899
19433
18826
22583
8224
17695
10575
52
13499
5269
8930
15315
8933
12875
22206
22892
14547
14659
21323
18992
18269
22394
17342
7989
4218
1382
20674
12823
7630
8105
9648
5186
13528
13815
7742
16822
19443
14380
22233
22427
2446
12700
11946
13289
13932
20756
18758
13529
13349
5978
12119
7673
8922
21342
15708
17043
17400
2001
16078
3440
15207
16915
22071
3676
5943
22439
15004
20658
10012
4917
11018
12498
19985
2091
1665
4072
2142
18912
322
13909
20454
9466
8277
22965
2000
788
21446
10955
14660
17859
16591
16332
6938
9681
487
6780
1692
20044
18397
2720
9228
11078
16959
16715
9857
11480
4541
8129
8413
22455
6415
19815
15014
6864
10180
13791
6031
9849
21830
11349
17685
10133
6911
11883
5621
14454
10899
12906
3820
6654
17207
12331
17369
10716
10949
1877
5275
7022
879
7635
6289
9895
20086
22804
836
8010
22429
19294
8329
8222
21489
2338
14846
10863
17750
4755
14112
521
5331
6996
5027
13480
19712
18978
6883
17510
10740
12578
16610
7835
15865
5611
21754
5184
17887
13486
10763
2468
3649
7197
17767
16854
5169
10629
5396
1983
10131
14138
191
12381
7731
9958
13421
2169
5410
22077
10297
155
5899
2675
8631
12460
18745
5195
4508
21237
1360
1851
20714
8395
21826
3328
8510
6853
20841
21302
17467
5037
404
11999
4062
14928
11540
12925
9161
11507
16640
17045
18785
2024
10916
19300
16274
5081
14367
19771
200
3607
12209
22594
653
20689
7797
14251
14532
1526
632
2306
3859
7587
11492
8293
4419
5348
18021
7258
14884
9974
14126
18537
22935
15504
7844
6403
1742
10281
10008
4061
6168
7979
1846
4658
20325
8590
5030
5556
3584
4566
3326
13453
18418
14847
14682
7237
1215
5852
13879
754
590
21870
9011
6358
150
22545
5352
19657
7777
5819
16252
8778
2925
19581
11212
19661
1166
5856
8892
9062
18309
7185
17660
3134
17618
10572
12784
19960
22172
20186
9894
7868
8396
7244
17374
12921
4663
5110
1824
3084
13761
22934
10150
12061
20920
11730
19910
20548
6653
7573
12164
16140
11014
19627
9732
4905
5688
21408
18045
1468
14505
11820
14085
13764
15723
15555
19944
950
12908
17231
6043
18440
7267
8162
18441
6453
102
2103
15601
20346
15184
21243
19532
4208
18962
18556
22778
12206
22863
13781
6713
14281
5963
1754
8907
20796
16293
15977
18255
21265
20808
3533
2474
8471
8868
14193
18774
16406
3495
22779
16901
6640
21977
12113
1167
2533
9575
5633
19501
20715
17715
2633
17577
15020
20239
10209
21115
14703
22799
6313
8177
18020
15012
7411
21836
15009
11943
1890
2991
9880
21297
15462
2230
16866
2807
15870
17008
1277
14953
12078
19848
5726
9954
12959
19551
3658
16887
15483
20963
4269
15161
902
18746
22303
15604
405
16878
3321
3367
13022
17131
7209
18965
10217
6488
20996
13997
17371
6294
15500
438
1183
2054
4820
17721
2360
14331
14088
16222
11323
18494
5121
19036
14481
5240
8473
3152
19691
12612
7912
11159
8302
8894
6013
16575
4533
21585
11747
22398
4627
1290
21385
20934
9438
19889
2215
634
21306
7980
18713
19620
22927
6735
2179
3886
18194
21092
3756
14877
8920
17288
10898
8581
20231
21722
2522
6563
10269
12632
22094
19336
13752
2011
17666
10903
13637
16623
16852
6365
11015
3159
15828
18534
13163
21957
18627
7983
2382
18949
6851
15043
13595
13810
8796
16990
2131
21567
19878
16263
852
7050
21394
19296
5374
3932
20051
687
14606
14631
18847
5659
13913
9560
20690
15299
14490
7469
13216
11981
8435
13753
20553
9443
16101
11697
8441
8220
5670
9032
1632
15234
15749
22514
6683
4140
7335
19699
8740
12253
19742
16666
16127
14733
13249
2516
16149
21583
22243
6171
11793
5584
10607
17082
1901
16848
6670
7622
22587
9726
13835
20745
20425
21681
6792
6674
8853
4039
137
22054
3302
3065
4527
1021
19796
8732
17144
3988
18817
17217
978
7093
5128
16931
13889
17937
9373
3619
2122
4201
18172
95
17909
20979
22588
11646
1591
20855
1588
17365
19017
3292
1375
13848
7213
17329
5977
16665
10967
12492
3761
16925
8379
2371
1125
14768
10117
13907
2475
13950
378
10106
7413
14196
16345
9227
6442
8707
16861
3643
7416
20815
20385
14240
17778
3389
9090
14399
3995
22768
8393
9290
14939
13966
19290
19408
5906
1163
9977
5366
14671
19693
15226
1945
12483
20419
18191
3317
9492
2004
19672
21579
22686
9257
22946
14905
360
19881
21082
2493
10565
3198
19020
10746
13784
11460
18163
22185
3259
2161
15629
7702
316
1659
17931
14752
503
20421
11170
14157
10019
3638
10165
13771
9131
989
19369
8276
5805
10769
19860
18824
5300
12635
19181
1273
12135
12183
22972
5851
18008
13234
16067
7278
4881
3301
20444
21000
15099
6177
21685
14974
11894
15160
20831
19324
14045
20591
17581
7118
5015
685
1432
4410
654
10537
4836
4696
22488
22792
2136
8078
19040
13564
18875
9657
13886
3579
144
19458
12634
5126
10679
19522
20188
3423
8896
22076
1474
21934
18199
3337
119
8883
362
2130
6243
16687
18029
4729
17844
7544
19523
9323
7461
13297
20060
9613
22444
14080
11463
3443
11617
8348
1647
10110
2069
20159
16356
20084
12127
10285
8327
11685
17420
7334
14782
3239
6000
7834
5544
9315
19251
6448
16560
7586
5763
7339
4125
17123
20545
19411
4734
21861
12788
16983
10875
13268
19001
751
14250
9577
15733
22668
946
17596
3551
1329
15805
17289
973
1531
10345
13706
20342
13507
63
15451
8121
11000
14779
8646
7417
3390
16566
22286
17097
9689
9264
8461
10602
4055
17979
8635
15509
8746
2218
15652
21679
6222
13265
8451
9803
10621
11117
19645
19113
3137
14312
12564
7807
132
12470
5362
16664
4519
2460
367
16705
11566
11272
19051
7285
6663
6359
9742
18930
9442
2952
5265
5025
4505
13949
15023
5757
8426
14094
23
21090
19940
7556
14732
4750
18225
2044
2092
9052
4064
14381
9664
17704
8176
4149
343
5537
16096
17929
12038
16062
21849
8863
8610
7191
7105
2255
16170
5071
14244
4308
4355
19263
14107
5053
3843
12734
10403
2260
18852
12765
15070
12692
20511
9541
4652
8811
1223
8401
8857
135
733
3347
1463
9813
5473
8306
12489
11435
1445
17556
2140
8192
13271
13861
4904
16147
15460
2183
4920
479
17736
6530
6341
2296
18246
16608
7018
20701
5005
4562
700
16554
10538
22900
10169
935
4267
14130
5855
5869
7725
15676
12263
10682
15986
12851
7295
12621
7089
4492
22167
3924
16655
17038
18553
22366
13520
3522
5065
9280
13635
22814
21281
4662
2105
20637
19636
18332
13043
7936
12776
21104
13849
14590
22979
2284
13605
8417
190
2922
10021
12201
15279
1604
12864
10689
19600
21462
19594
13673
18179
4786
15844
9275
12079
871
7792
5047
17840
6482
4496
6497
7020
10475
8404
22666
11056
20581
6037
14252
2134
4870
1054
20332
16463
19140
1245
9276
13643
6007
2025
14722
6924
1694
22737
18457
17710
4933
13
12838
20646
21591
7603
21946
12956
18066
9203
20232
9155
1364
18149
13517
2052
3512
305
18737
19570
21206
8377
17133
9873
16138
6187
6656
21752
6648
1592
3052
4979
12630
20985
17933
2352
14408
18939
712
22179
5640
1086
17765
9935
1135
18125
2619
18641
20925
12969
15057
2155
2495
8357
20869
22127
13827
845
20764
7941
7629
17277
12435
5714
22597
8855
5398
1365
15523
10286
13184
7904
21966
16674
7903
4271
4851
10397
9676
7377
5511
5919
10206
4916
20803
201
5462
11292
14255
1076
13294
11260
2415
18449
20601
6144
3409
16840
20911
11806
204
11493
3527
13890
18854
7950
21403
3908
7314
18618
4914
13040
2759
19757
18263
10560
4183
19393
3588
13656
19856
21105
13334
3714
10350
14560
22390
9624
20696
18983
11270
15793
18682
18378
10516
3312
8780
11483
6221
14272
21349
15172
636
2095
3033
1750
11910
1935
3730
9632
6900
15158
21597
3201
12101
16723
391
2116
18166
3776
14451
6188
1227
500
13918
8497
21030
16433
17702
10103
15101
9712
20420
16957
3108
17569
17330
5713
7883
2077
4795
12091
3316
1676
9902
3459
11501
2464
20982
4279
3685
12054
6682
2654
12013
6964
11123
7774
20116
20199
680
16828
18407
4116
22354
9556
3403
15090
3743
17239
20677
12907
858
15667
13419
15214
18594
7547
17194
2657
17410
3131
19299
12653
7031
20678
12628
11542
7418
3976
2148
18347
5213
15183
11365
20187
12481
7908
7230
1316
13095
21531
19114
12003
9607
1004
6624
12330
20801
6866
21660
15570
11918
20489
10871
4270
11654
11606
5141
3231
22699
10588
12825
5062
10098
22095
1236
17433
6820
19681
22280
5970
12044
3646
10650
8918
5927
8484
21680
13865
19701
13723
5461
2363
14673
3142
22626
11145
3609
7490
13407
15340
11479
22548
7095
4130
12427
20281
1820
15923
2930
2154
11417
3800
10477
6777
18870
952
9545
1766
22392
10127
7449
8067
10095
12105
20447
8940
17884
13537
8053
11662
16249
13982
4763
2549
1389
19475
21481
18001
2327
4824
5893
16097
21199
14784
18016
3254
20260
22754
21129
20941
12790
21178
17023
20599
2201
6723
12753
17031
8488
21301
2356
19770
8202
18365
19807
18003
14361
10051
17282
15089
18306
11301
3912
10219
22667
5990
15270
11158
18220
6861
3338
22080
21013
3105
8518
9890
395
21931
10077
14926
8314
22522
6473
7891
11401
3989
1758
16021
5664
7539
14091
19877
1356
22287
3183
953
12949
20013
3961
14690
19265
6472
22643
12834
1484
9996
16315
130
22807
5929
4388
21776
11530
4266
11673
1921
7820
17395
17768
3471
3696
16634
19528
5821
17117
467
12674
18428
6535
9403
4901
16453
817
15176
18445
19478
10807
20307
20776
21507
6426
13615
8340
9080
6601
19249
8405
3581
7917
20319
19200
14154
7300
10687
6581
11745
10413
18535
5715
10561
7560
10659
8349
14642
10604
7953
6224
2480
20902
21273
7062
11717
18046
22616
12062
10366
5388
21857
13969
5911
5589
14243
17498
20546
13504
16018
18948
17634
2223
9477
1187
13649
3343
5601
20565
5180
22767
19803
10164
14863
10476
13344
1980
10433
19530
2818
389
20439
11210
6778
17944
9044
1482
1334
17350
18189
3507
9426
1711
12337
6150
14051
13952
19998
21514
18123
7160
7410
18122
5260
20700
9069
6845
8018
18862
16174
19874
17007
5813
2362
17050
17411
18080
111
10190
6655
16540
15659
18584
4984
11474
16770
670
17405
11033
20913
21238
18355
22040
21023
54
13067
17927
3491
19224
16979
21599
11060
16631
15187
15605
6764
1141
12886
7336
17353
16305
21539
2530
22660
15341
18017
4603
2319
15697
3426
20907
8168
14674
12295
14592
8890
21709
14346
8041
22376
6688
6004
6662
14731
3050
15635
13056
4589
9372
17957
448
7566
22665
1826
10784
5357
6616
11666
15875
10404
6638
12519
2596
12087
6553
4977
8016
18523
12125
3147
21989
8534
11008
5934
15526
16724
13897
4301
12478
9414
13515
18327
21523
20524
1567
12097
21268
12566
6672
17306
15924
21806
21764
19115
13977
17054
418
12550
7780
4656
14643
17379
15040
18311
19927
2525
13674
4974
5552
6445
17375
19426
19381
4985
3375
20483
18468
3879
10494
9246
20339
16749
17870
18134
13186
7061
3121
14600
4438
19060
7269
4774
139
22215
2349
13809
19595
22789
1131
1613
22458
14912
20517
3511
18192
3964
374
10343
7211
22638
12290
9263
10529
7479
6547
15471
3245
15391
1627
17019
21364
22257
5941
4767
18101
10276
17828
3789
8549
12008
19120
21202
2234
6399
22794
12661
22593
22412
11633
15124
20540
4287
6767
13143
2333
10994
1299
12568
16321
18004
14587
11476
3464
11682
16532
13746
13672
4815
20413
147
22338
4356
17780
17741
22793
11451
6731
4113
22746
13323
19210
4081
19068
22085
4309
3220
20391
7178
7682
2917
14998
2634
1982
15501
20918
17486
12827
14948
18833
704
2513
22801
17585
19977
12840
10347
1645
7426
1437
13210
10643
342
17166
1274
22227
19280
22323
19154
13831
9738
4705
9139
20497
17547
5865
22100
1962
2412
21291
3858
10667
3708
2597
91
14640
20740
10137
9478
7388
10930
16515
1623
16340
19153
16629
10277
14601
18071
1736
19619
17638
8650
16268
5431
12351
13801
2120
22585
2380
13299
5764
5444
9638
478
7088
1522
9528
15910
22497
17739
8536
89
8665
12244
8720
9563
2102
4706
14894
18663
17743
21079
9137
3073
5124
14868
3671
13466
13153
17173
12847
18626
10356
5841
14324
2781
16776
14740
11960
14271
22051
20656
19704
11991
21824
9551
20605
6703
6521
1863
15738
2903
10010
168
13160
21653
14430
18922
2084
3727
21688
6726
22949
18773
12096
16480
20215
14473
10358
12394
11453
6428
1757
8205
10105
16139
15898
19817
6173
13559
588
17971
19989
16190
10237
20240
10443
3634
21535
16873
17014
19379
10367
21886
12160
20463
7599
6686
11532
9182
9950
18057
8849
20166
9543
7943
2038
8195
9740
22268
12194
9750
14483
5502
14746
10258
8625
22367
3354
717
13864
9357
17237
14794
21692
1457
6364
3537
19271
22891
3365
21944
17086
9731
12430
7714
17522
2587
14413
20485
13369
3926
21747
2705
19152
16625
8825
19228
22397
19134
8432
3447
20771
5066
6549
21379
14373
7893
4892
19437
19516
17675
13476
7480
13790
10618
20216
5849
10214
1900
15797
11046
5698
5884
532
3690
4392
20816
3693
3704
12233
16917
5878
10441
19428
5032
4136
4367
8468
19269
6649
21794
2970
19133
10447
22762
22230
1092
16795
12187
20306
19958
20958
17307
15448
21114
10953
8957
19822
21892
8812
13518
4934
5077
1899
9304
10778
494
20856
13021
6802
1113
15963
14103
20824
16208
3049
7029
2604
18517
10648
8487
15267
524
21147
19573
412
15128
1760
22577
16477
13142
21821
286
14024
3094
16106
5553
20779
6669
10819
19689
4439
12713
18460
6652
2009
22124
19715
15469
13888
9587
3810
2784
22146
15984
11221
12521
4642
3557
22552
10486
5793
17948
21167
3513
8031
17849
8002
8381
12709
17254
22168
8110
8955
16319
13960
2419
15623
897
6264
13231
11134
19849
2303
14174
6564
11659
21813
3968
9581
6052
9132
2999
21018
18832
12493
6628
7241
15021
19227
14441
4540
17216
2263
11611
6234
17116
13348
9054
5827
6129
22253
1650
18356
5661
12415
10796
1039
9211
6135
10323
5815
9933
9409
19621
7221
21800
22046
3172
10750
6570
2986
6922
5411
14453
2173
22249
17250
11373
5493
12708
17109
8644
19746
11783
12106
19743
6657
7830
3861
14676
3873
5381
10335
22050
10259
3048
12544
10709
6772
17753
999
16323
5350
14015
5909
10613
11873
20820
12326
5709
16522
8822
1972
9922
5063
5315
10264
18792
4451
2158
15191
19
22212
19777
14463
3589
1910
4003
21008
1395
5167
1756
16780
19795
22375
21118
5669
11732
8347
19917
5138
6339
14403
2301
21562
7744
22755
21348
13989
16993
21743
7116
5820
19614
4740
3224
18777
21951
7789
1932
17630
20175
21048
16710
3474
5117
5716
19054
7189
21452
19521
3225
15276
3958
20226
2585
7564
561
19706
7287
9964
20930
21058
18346
7740
16385
21939
4776
7902
17383
9221
423
18866
18883
21528
17889
12571
8552
20417
269
13870
15702
21760
381
6896
12900
15314
14342
17324
19327
6388
18995
11926
21544
21119
16309
4849
2259
14555
2209
8730
142
4137
8767
12904
3157
11155
21981
10498
10162
6908
10698
15026
18656
20866
5042
11152
9082
8149
12185
10652
99
906
19318
16739
8270
21269
2076
12149
17557
20126
22923
15074
12204
2907
1516
8783
12872
7181
16668
21
15525
21361
716
18115
7001
1991
2914
5048
21922
14675
5993
18085
9250
20156
20437
3303
9219
1918
17416
11355
6082
8037
5364
7097
18328
321
18205
11801
12291
21825
2152
20441
16116
22750
10304
10767
22769
11760
21386
11232
14610
18256
14698
12225
20426
8267
1790
16561
22353
3476
11976
19285
1603
18857
21746
18278
5685
3697
13279
9207
12378
13996
15033
11383
10841
5049
18667
5417
9146
6181
2711
14125
21742
22139
19027
8300
329
6085
18381
8296
12205
12339
19883
12342
10800
13688
21804
10352
19397
13457
1186
19469
17732
17503
7332
11140
13972
5289
11757
3618
10054
22681
9384
1864
1976
9452
15748
1895
12327
17613
508
8111
3543
17378
9704
20457
20759
7756
22569
12804
11865
12792
13144
1519
1559
15227
17673
4097
12978
195
19470
22725
5671
1789
13860
19071
10743
9571
16173
11505
255
1680
11363
12990
17775
10828
6605
16359
19791
410
5620
22654
5637
15034
7425
20661
12923
18217
18354
18132
21168
16632
16908
12545
22160
18305
9430
4718
7710
2832
6536
734
3068
2933
21226
10001
5875
3846
12651
15507
6265
13273
9019
5647
8209
4501
1541
9540
21188
19506
16626
11099
8034
19446
18884
14294
2497
21532
6065
1218
3281
6846
3086
5560
7888
8312
18005
9991
11784
21080
11920
9278
9899
11898
6493
4321
5016
8864
8998
19185
12463
22294
1679
10817
6086
9758
21517
22648
20177
22265
15562
20758
14772
9277
3413
21390
3213
13026
10920
21853
9906
4486
16346
16760
7478
10240
15174
9553
22909
9334
18728
1212
18401
8629
2399
20744
22297
6534
13580
2765
21935
18079
7942
22813
10116
16613
13027
5523
19421
16707
21184
12803
10734
8921
140
421
20195
10079
5259
11922
9105
846
16906
11271
5373
16111
15804
9004
16773
7552
14313
15942
15658
16673
4923
15617
19112
3114
19388
1096
21415
16264
9376
13887
3013
14800
13106
20178
13444
2870
4493
6685
3520
11427
10982
22450
3766
1555
3276
10296
10435
8489
15921
7283
18668
13173
11601
21673
13337
13680
2708
4913
16424
13812
10557
2283
13395
15916
19682
21470
2222
21557
8801
5920
37
13552
12279
7251
13903
22836
546
14887
15820
11937
14389
18840
628
8350
7555
2508
11223
16003
16530
10372
11091
20358
8560
2924
1602
14456
10911
5579
2232
13052
6477
17387
12802
6466
4550
15587
9986
15532
16542
2018
18672
8131
13981
21872
13862
5828
15367
6361
11963
3680
19991
3531
22544
6389
13754
3587
2702
13652
15282
7199
10738
11456
17357
4962
2310
7708
9121
20386
6587
1746
11623
16155
9332
8370
19634
16994
18325
17726
16084
22619
11727
15632
9652
6352
4212
12947
2801
8866
21697
18736
3266
13222
14260
17100
7614
17564
16137
16415
2437
20610
5465
20476
9461
5325
13759
1749
7813
16005
16437
7842
810
222
21215
12846
22790
19468
16142
17777
9608
11105
13410
2081
10102
5215
11994
21136
11118
1416
17463
22466
10755
20504
12465
1109
22513
14735
1180
20692
8375
18052
7108
13213
18900
2610
19617
4922
4607
13645
16667
4510
2738
22260
20984
2326
21326
7542
21708
13190
10803
5692
18989
1043
11744
10016
8287
21360
15801
16426
13734
19258
420
11768
4840
18292
9806
7958
16590
7079
22541
16638
14989
16161
5731
16420
13562
2652
8685
19441
4888
4280
16650
673
17027
10329
16974
11565
3178
11823
19431
4281
7824
20201
20868
15943
21745
15321
21039
12603
7981
6457
16409
11911
18178
1794
5191
8481
8694
19790
5440
12805
13340
9095
11759
8430
19898
19930
18235
4683
15155
1300
9838
12531
11004
19781
3659
16890
17866
15238
1956
8760
9532
19885
18858
3765
17119
15001
2823
17422
1773
14803
1661
8709
20012
17032
11062
5630
17847
15399
21289
2425
775
4011
5151
15338
16189
15883
2663
29
20893
3175
482
16737
4168
20916
9930
10331
3411
18451
5307
22435
11825
1722
3307
15783
16464
22564
9893
4967
15064
14844
10961
7143
22739
698
20775
12895
14602
16775
6817
5969
21875
4234
17798
21263
5377
8189
19651
22073
18388
17683
8932
6905
18259
5382
20211
19414
22901
15813
19225
4931
14834
18446
308
16257
11284
16508
16168
11705
3951
1242
15146
18698
14295
9945
13724
10842
20081
2989
527
14566
4431
13828
13866
145
6848
12424
16909
1884
21810
12750
2605
2621
17046
21802
1985
19291
22721
667
20099
22679
14917
10576
20093
7347
9931
4641
16576
6954
21620
18478
9084
818
11061
12379
18375
16114
6194
14096
1832
15244
22156
1220
21151
18039
16039
20575
16373
20818
19117
800
15938
8193
15871
6270
3487
21711
8330
20923
4968
5217
22463
21222
22373
21244
15563
20659
15201
15079
149
15135
6126
3753
6514
19316
1344
9143
21399
22631
19755
21973
14519
7140
4257
20981
21829
18616
7100
2479
6720
20119
7147
12839
13189
19948
5407
1951
21761
18548
4681
550
13019
21140
5902
19603
17406
22056
8838
15474
21232
10945
17566
12728
9715
13122
5668
15370
17621
17055
1792
11500
11709
4152
4320
21581
3966
13406
13747
13728
6665
266
15993
6103
20969
6675
17192
655
12170
21881
22603
9043
11764
9064
6650
11605
20238
10119
4372
21402
9440
17401
7625
10315
13813
21671
16894
21508
9511
3063
13493
2007
12926
7800
15973
18625
13658
18382
7136
11464
18343
3977
784
13309
5708
6590
18159
3636
6236
17428
12916
8363
9270
8338
182
7653
9337
6646
17496
18078
17120
21050
10624
8912
15459
8513
8022
11026
5957
9488
9432
6463
20129
3980
14273
21437
15688
13571
17472
19819
20972
8802
7853
7474
16652
3867
17458
14067
12874
6684
7517
12995
5469
20938
13353
4617
18074
1569
10381
20147
13258
6645
7732
10351
19663
281
6435
6844
14327
21011
3334
7892
781
19385
19493
14724
16032
15058
6349
682
15093
1320
171
630
22628
21451
15614
3969
12588
4313
20392
20573
6824
2220
3435
20535
264
1385
3916
1862
3129
19404
1833
3707
2975
2079
17132
2843
3394
17305
7129
20508
18798
22125
16245
14947
9850
4051
2219
585
20526
12042
21629
5433
15886
12116
22194
51
8515
18730
9094
7845
10167
7765
19080
3055
21963
3318
10128
1159
12896
11010
20966
11704
12495
11086
22370
17447
22485
12610
15920
11733
8726
10718
22259
7243
3097
9152
19221
9804
6504
14474
20917
19083
3806
7138
6591
14875
19178
15999
18297
3542
8143
14186
7315
8085
11997
3624
7156
1150
13396
11160
6010
825
6679
9723
18926
22499
21218
19417
7504
4289
22000
10156
9366
4582
14865
1565
8136
17629
18035
9972
16471
6338
17717
17309
17711
19488
20128
10268
660
15540
6518
3054
3722
9693
12389
7435
21788
8322
758
10448
17550
16074
11638
20406
20837
18063
11366
7080
12748
4932
15607
2457
7152
713
16574
9835
22154
6793
17815
17440
2871
14901
15372
10024
19187
5361
3181
3796
20004
18848
16810
9035
19239
16586
16412
4632
16015
10298
11534
14169
12002
8972
7187
5406
6862
1802
16835
7712
352
22905
22472
10506
1390
11494
12660
12229
16048
13101
5634
1671
21250
3188
17622
12721
22617
8974
21803
17916
20588
14864
10896
22457
22456
13205
3990
17202
2862
8602
11069
7790
9037
22694
19243
22632
22084
11340
20344
7212
87
13958
9507
1241
13037
19538
2240
16700
15242
15357
16231
21724
11769
20827
16670
10877
19717
1100
20607
11169
65
565
11358
20153
3019
7051
3539
18559
16606
7224
14433
20574
10937
16145
4595
22601
12899
10439
4117
12638
21936
21026
1724
3075
12667
14319
10693
10440
10328
4910
12986
14791
6973
13711
22281
2490
689
15888
392
2287
2442
10471
18789
1557
21714
13280
7358
693
14719
671
13785
3445
22704
5567
450
4066
4860
10200
11434
22537
21075
10181
19861
6568
5686
10416
4005
10721
7098
11829
14270
21576
16779
4781
13418
22573
15856
3377
14401
2014
4245
4699
15141
2344
19248
21006
9289
11385
755
10465
19033
4077
16307
13295
731
18615
13505
17631
19789
17903
13196
11861
8064
3617
19398
18370
22671
1452
7739
15611
4963
11667
8691
6183
20131
22880
11127
10935
17576
16177
13962
2411
9888
9091
4569
11252
11524
20795
6084
19331
12323
3353
16818
11552
19235
15577
511
5665
1699
10455
8169
3325
7592
16817
4978
18151
15759
16997
16481
10303
3107
16930
3650
18960
446
22888
21482
4398
15301
8046
7514
10265
6048
19826
7931
12684
13600
3081
18284
15153
15113
13659
10791
17983
1612
8343
13876
11674
18598
3424
5569
3751
19436
14492
22174
16677
22039
11653
6041
19340
19132
10795
6117
5133
199
14359
15112
16963
1513
9603
15849
11909
8507
16912
14551
15893
17205
21584
6708
19288
2665
9677
16789
3601
12112
592
21001
12671
8436
17359
16712
20738
20718
16444
21682
7248
20324
4588
15693
11876
11930
8408
4622
5202
10609
5244
14607
12554
17236
21728
18094
11261
14304
12241
17637
22718
5239
14734
5770
196
9177
5892
9615
9225
2507
9343
21299
12473
11164
11571
3600
2473
13591
21186
16996
14370
22225
19211
5290
15458
21081
7092
15102
15491
19945
9048
4805
9318
1971
11996
13364
20948
19953
19536
3635
22775
8315
20250
22438
8759
8055
158
20705
21530
742
19855
18669
793
8319
3691
13179
17210
17137
11692
21205
20055
5419
6107
2573
1455
8336
20708
14810
7010
11394
10148
407
20418
18466
16971
1005
12789
18112
14827
4639
12189
12542
8762
13740
8411
12485
22431
7649
929
13201
5359
8987
8356
15470
2272
5098
13361
2447
891
13664
18239
1917
886
1379
9097
10626
6423
6396
20787
21103
21429
22689
12572
21916
10452
662
7609
9801
4686
22247
13863
9305
14021
2766
16341
12596
22002
1087
14729
8739
8506
19175
4987
591
1837
9283
14491
11886
19059
10776
13671
9049
16881
3904
14798
14569
5707
10975
14076
21908
4015
2979
5251
10882
21769
22269
6422
17687
10891
21749
10578
5323
4093
5823
18903
9814
1960
11489
16007
1403
11866
1485
13882
11465
7584
6167
7760
13885
6036
20613
13459
6170
11907
21884
2511
22815
18515
7944
13149
11750
14890
5187
4912
21383
9868
10794
22931
21998
16648
21609
3647
11050
9635
9186
9397
12699
21376
6947
7925
11596
1805
2606
5573
10760
18341
5816
13786
13968
14829
16869
19391
1656
14624
22483
10553
13956
22449
13211
13732
12017
22170
401
10933
16352
10747
2188
6142
15195
6882
4421
534
5809
21577
20988
6892
17544
301
20304
11148
21969
19193
22477
17877
3407
5495
5488
13991
5437
1735
12195
13856
19633
254
7487
13374
13324
2945
16731
9363
16472
8758
21449
2561
7467
18843
11395
1830
2157
14969
21772
1073
16923
14715
9036
15140
21033
228
13219
4386
5482
8770
21555
16502
5897
22325
12487
18917
12623
4822
11183
20898
12426
14765
20280
7847
1871
18301
13597
18181
22302
7729
15900
6960
21387
9852
5510
1006
8516
471
5783
21310
9066
7054
900
11523
16109
5618
1937
9349
12812
2374
15486
5648
2339
20571
22322
17018
16813
11912
10770
6056
267
8816
21002
18536
22116
3034
5550
4193
5041
15644
20070
21413
20905
6066
4831
18661
14318
14638
22223
3000
2449
7808
4719
17419
13078
9013
7396
12752
6801
3141
15218
22330
13151
11027
5476
8985
7915
20120
12324
2370
9901
20557
21009
109
6492
11739
22881
1552
12386
16651
6706
349
9321
19688
9259
14914
959
16392
5912
19683
13899
8200
994
13411
14711
5261
10245
15628
14984
2953
10241
4327
245
947
125
21538
4412
6895
9108
21499
979
12998
15603
14972
5022
5310
17970
3109
2107
10850
22833
4946
18613
10493
3488
8550
14014
5767
6035
16383
13277
10377
14835
18806
16454
19422
18133
3526
11250
21336
12948
2742
12286
2938
19604
15897
3468
11694
19515
17333
21164
14205
3854
1551
18998
19047
6268
19820
791
17896
14336
13703
10185
10158
5746
16019
20193
152
5994
15642
14614
10936
10225
16635
9948
9223
2697
18632
3284
22395
15065
15705
5474
9525
16937
60
5067
6
7593
2372
6484
6997
3718
4110
14725
17517
3297
11622
4955
5811
17081
7122
1294
20459
20020
4175
908
22957
7008
1440
19038
6355
14852
3560
19010
17832
10308
14392
16171
2133
1609
2815
17614
15554
826
14083
12158
15442
5308
12701
14913
12773
12072
12530
4341
6096
9678
16967
7398
2564
3694
2931
7074
10022
3023
9570
13668
19076
16656
10727
21915
13692
7176
16489
2519
6451
18904
17593
14769
8533
12726
15840
13875
5429
334
21436
20870
12604
4449
8540
10149
11715
16391
12669
20139
5857
21640
161
3384
21615
17110
6401
20861
15007
14013
8619
15817
14867
7447
17976
7340
2403
20393
18322
16958
19721
2040
18091
20810
11670
11135
17699
15917
13329
7721
17978
20664
11570
15439
12355
21296
22859
8272
18692
20007
16791
19461
2211
10000
14537
357
21010
11151
22830
2098
1059
11966
19759
6421
11022
5019
18247
6898
8910
940
22521
7429
13947
16944
6369
9458
13333
2121
14406
2780
22584
11300
9262
3797
10060
21290
16349
20112
19642
3446
8439
6240
17635
22848
7111
7250
15527
15285
4777
7272
22821
18254
13074
11173
12257
12370
12589
874
1529
831
21443
8810
5113
14259
11528
19919
13076
18426
7854
20896
9187
19480
12219
3206
2857
5743
15859
5249
5976
4757
2730
13700
3547
7014
6978
17806
22969
9775
123
1057
1984
16339
17197
14183
777
4707
12102
2368
20005
9451
7690
3941
3559
6557
5316
9756
6868
19858
13009
13975
916
11144
22308
21580
13251
5968
8962
11854
6516
15233
15154
13961
15361
13670
7407
8612
14396
2817
5033
21588
11130
11914
8747
10198
3093
21285
1466
15654
12380
16857
3974
4748
9846
20971
10887
9000
3179
9387
1723
20840
1715
12976
2601
10295
3715
18944
4297
4290
22362
6158
7472
20355
21633
4568
10830
8859
20261
1987
4784
22350
15481
21595
16050
6744
10424
17004
21148
12214
5346
20785
2204
15689
6680
12479
11132
5979
8466
21896
6438
9425
3022
16425
10661
14583
445
3934
3590
8745
17292
22410
2961
17264
6933
21109
8450
5644
3786
10901
1994
229
16210
6736
19601
4446
21073
14507
22748
13873
13310
13644
9980
20978
383
260
14397
1940
4546
3663
210
8710
18911
2715
3252
10503
5594
12574
21049
1009
461
17461
19281
14955
13332
12930
4174
12325
11113
7749
12234
8335
12449
11006
6091
15006
558
22022
1958
8198
17107
3957
15202
16580
21484
11057
220
22642
3330
12577
7259
20807
17051
14009
1254
11890
18893
455
14425
4230
18702
20052
20095
19744
5490
6480
19056
18605
16328
17039
21767
18764
17684
13004
9708
12594
15543
470
18232
10279
13906
17694
9934
3416
8182
20146
20061
19129
1856
10977
14726
10825
9604
18920
14647
7013
9600
8639
19160
19107
21996
5798
10521
17157
2184
7753
1761
9233
5701
9220
18747
14870
11459
10446
15800
9238
12029
14667
2036
2684
5257
11516
13976
12751
4532
22044
2340
14651
11064
8568
18733
20967
1147
242
13910
21343
19979
13350
6185
4353
14288
5576
2051
20194
17322
1462
6666
17341
11066
6695
14178
16519
10544
4823
13814
4129
598
17984
14417
757
18484
22771
8419
11919
4424
11235
22682
22624
19629
18509
13087
8656
18331
5883
18570
22889
16797
22169
13028
948
19810
17332
4986
14308
22529
22509
12973
7654
2909
14437
18088
4802
16898
9697
13669
14404
7372
36
18430
17539
21854
22911
22579
9789
8333
10924
21309
8433
21052
9626
7009
22932
16843
14745
4268
14517
19616
16892
3509
1176
17456
2104
14299
18488
21768
20626
8797
19725
12317
6576
6929
1417
21236
15236
13440
9107
12216
11619
10798
13636
20653
2578
18763
1764
12120
11541
13544
6410
18097
18126
17719
19806
19599
13525
2450
8924
18073
5528
1953
10724
312
5592
18362
9843
1840
16949
5749
14629
3496
17262
5710
19915
11403
22333
22468
813
16294
4816
22187
11731
20936
3189
2753
22524
11425
1651
21865
10507
14571
16571
20183
12134
11454
18872
18358
3645
18295
4969
7454
16501
16624
540
14369
4544
16445
15848
20890
4045
3032
19996
7104
16037
22207
3549
12272
15695
22447
19400
1193
17468
21890
11533
13538
1410
7769
3836
10461
3212
21340
8784
7214
1496
2570
4788
5541
17800
1929
14188
7862
11531
8505
3731
7776
6815
2459
2592
17015
13118
13226
19851
4900
11336
13707
1363
18462
18723
7700
15850
2393
11998
18342
958
22188
22562
22471
15159
11266
6180
20614
12652
15911
7154
7427
13207
9151
3232
8235
5451
9881
11871
2860
16378
7494
18498
18093
13954
15583
19000
10398
20388
9675
3406
22013
9856
22763
2809
4206
17180
18007
14225
8186
6734
1621
18392
7576
6094
1626
9024
19320
3497
6456
11630
17338
13733
12663
15593
14723
7594
22910
8543
6476
18688
20432
8360
11702
8956
2774
8547
2635
14100
16706
7631
20143
7541
4690
4422
16234
13229
16601
13397
15036
10559
18209
20748
2300
15260
12977
7877
15869
12658
12843
14586
19344
19159
12451
6414
11558
9051
18230
13435
9284
3728
4684
10522
12991
6478
13978
2177
1705
8970
19452
9243
3788
13689
16404
9089
2422
9008
7294
21537
4575
13704
11404
20551
20042
22651
4444
21720
17177
11737
13482
9102
4135
14705
10396
7726
11625
14447
8657
22635
3878
8573
17763
10284
19775
3012
19697
941
97
10040
1111
4373
535
22344
1829
601
12759
17072
4810
21838
16220
12357
6907
18424
11192
13010
20598
17874
936
2547
9547
18539
12224
3395
5782
1460
10370
17616
12807
22798
22894
664
8638
17588
19924
15925
22423
376
7575
2937
7365
21782
11345
8943
13451
12739
12401
20039
14256
19631
22571
8185
8637
4980
7768
15536
890
2673
13264
2304
10683
21614
4204
10321
10469
18881
175
15716
20672
2452
10947
14353
10657
10638
2562
12533
20180
2492
1297
10425
18727
7117
5058
6282
1110
13057
17795
12903
11448
9472
7030
2689
16462
148
18034
21061
1003
11579
20361
539
21775
26
15311
2141
20274
16398
18963
13603
15912
9957
14236
2030
18972
11509
18823
8528
7791
7238
1340
11499
7948
8725
8159
19611
19608
11936
2554
4255
16748
18145
468
10179
4597
20097
6317
19101
20176
18803
15952
3076
10811
7422
16071
14377
20832
19754
15971
21163
21473
12537
901
22262
18335
4080
8447
19254
21410
6106
1007
21978
22289
3009
12356
3430
14619
16104
8102
7872
16728
4908
10597
4196
20373
3358
13742
19541
21359
469
13841
12732
5255
16253
287
549
7038
10401
4017
7738
17417
5468
1601
4630
12856
7378
9859
855
18265
20760
10070
9746
10348
1475
16046
402
18453
21474
3095
4358
792
13546
22183
16395
3336
12583
7280
4940
7144
12455
6577
14048
20103
6715
18566
7757
3120
15906
10309
4965
4610
11281
11253
13641
21312
9765
19102
13717
12163
14806
21112
17061
42
8056
19961
12488
17499
4481
15534
20006
1779
20671
16765
2707
15015
3177
21819
388
15307
2367
13531
1055
7956
18056
13691
13298
4102
17384
15436
14516
18896
6569
13965
13627
12178
2586
6115
13804
19641
17228
6985
12212
5206
12892
17438
13833
15062
7137
8900
6447
8089
19647
8733
1424
15968
12982
7522
20713
5554
21891
16985
6045
14340
7571
4602
20403
4625
2163
11228
2551
15104
5593
14992
15152
21721
16265
18967
7260
1174
6791
4447
11213
9808
8197
10422
4843
20438
18443
21007
17969
8786
6855
12014
14692
8038
20320
20038
20282
3732
22115
18511
2526
16276
15827
15410
19486
14364
17189
4105
5829
20359
1476
6207
9781
21504
20554
20431
2593
12064
1515
11869
4403
10430
12665
5588
7713
15417
22607
8098
12360
782
14578
1582
5838
6622
14291
5732
4243
20247
15719
17278
9915
4443
7849
3808
18293
16885
22662
16102
14161
16858
11406
3230
22137
14213
14531
21553
22437
4361
6308
5650
14368
19794
17789
17949
1074
19723
5559
19374
4047
5577
12036
19569
21690
18567
16830
21017
1041
11955
9826
12118
11593
2977
16620
14032
4768
22954
15941
3770
17796
7711
530
12842
14274
8114
22683
18070
17857
15086
22636
7748
16380
2026
6858
11482
19779
768
22331
12859
13175
19517
6044
16950
3842
8660
1248
22315
5519
13485
11726
1666
2760
6124
2162
8606
16551
12032
8839
1099
7443
3355
16221
11786
16658
19800
19550
16865
17871
14173
15762
19019
11030
6098
4514
17924
13365
2703
5107
19531
2086
7698
18349
15692
20853
10592
3768
15472
3421
7718
11940
3247
12354
8373
10504
16322
14528
9815
12085
8009
19741
9502
14628
18888
16642
11267
1324
9333
22364
12445
13069
4172
19253
285
22252
7066
13392
22378
12950
165
22517
9234
3805
4099
13714
5639
12011
17936
20285
22714
9339
13631
17423
6828
16001
9324
14743
8994
2314
8179
12373
19465
19875
17502
12142
1725
17149
20953
14960
9642
15714
9335
15419
8630
17830
5804
10914
22615
3027
4192
18929
17462
19234
8297
7861
8155
17445
15739
22300
18863
11561
9457
9566
20597
21664
17904
4759
20230
4890
21400
13569
1388
10757
1419
3954
2642
12675
18678
7516
18219
8203
4528
7056
14520
3299